00000||1100010000101101111100100000002222222222222222222222222222222222221100010000101101111100100000002222222222022022022222222222222222221100010000101101111100100000|

0000011010000000222222222222222222220221000002202202202222222222222222222222222222222222222222222222222222222222222222222222222222222222222222222222222222222222|

22222222222222222222222222222222222222222222222222222222222222222222222222222222222222222222222222222222222222222222222222222222222222222222222222222222|nd



00000||110001000010110111110010000000001010001100000002222222222222222222222222211000100001011011|

0000000101010322222222222222211000100001011011111001000000022222222222222222222222220220221000002222222222222222222222222222222222222222222222222222222222222222|

22222222222222222222222222222222222222222222222222222222222222222222222222222222222222222222222222222222222222222222222222222222222222222222222222222222|nd


00000||110001000010110111110010000000001010001100000002222222222222222222222222211000100001011011110010000000222222222222222222222222222222222110001000010110|

0010011000000022222222222222222222222222222222222100000221000002222222222222222222222222222222222222222222222222222222222222222222222222222222222222222222222222|

22222222222222222222222222222222222222222222222222222222222222222222222222222222222222222222222222222222222222222222222222222222222222222222222222222222|nd


00000||
1100010000101101111100100000000222210001100000002222222222222220|

1100010000101101111100100000002222222222222222222222222222220222|

10001000010110111110010000000022220222222222110010011000000022222222222222202222022220222202222022222222202222022221000002222022221000002222100000222222|end

00000||
11000100 00101101 11110010 00000002 22210001 10000000 02222022 22222220|

11000100 00101101 11110010 00000002 22202222 02222022 22022220 22220222|

10001000010110111110010000000022220222202222022220222202222010000022220222202222022222222202222022220222202222022220222222222022220222200222202222322222|end

00000||
11000100 00101101 11110010 00000002 22210001 10000000 02222022 22222220|

11000100 00101101 11110010 00000002 22202222 02222022 22022220 22220222|

10001000010110111110010000000022220222222222022220222222222022220222210000022220222201100000000222222222022220222210000022220222210000022222222202222222|end

00000||
1100010000101101111100100000000001010001100000000000000011101011|
1100010000101101111100100000000000100001000000000000000010101033|
01101111100100000000000000000001000000000110000000100000101000000000000000001000000000110000000000000000100000010000000100000001000010133333333333333333|end

00000||
1100010000101101111100100000000001010001100000000000000011101011|
1100010000101101111100100000000000100001000000000000000010101033|
10010000000000000000000010000000001100000001000001010000000000000001100000000001100000000000000010000011000000010000000000000101333333333333333333333333|end

00000||
1100010000101101111100100000000001010001100000000000000011101011|
1100010000101101111100100000000000100001000000000000000010101033|
10010000000000000000000100000000011000000010000010100000000000000011000000000011000000000000000100000110000000100000000100001013333333333333333333333333|end

00000||
1100010000101101111100100000000001010001100000000000000011101011|
1100010000101101111100100000000000100001000000000000000010101033|
11100100000000000000000000100000000011000000010000010100000000000000011000000000011000000000000000100000110000000100000000010001013333333333333333333333|end

00000||
1100010000101101111100100000000001010001100000000000000011101011|
110001000010110111110010000000000010000100000000000000001010103|
00010110111110010000000000000000000100000000011000000010000010100000000000000011000000000011000000000000000100000110000000100000000100001013|end

00000||
1100010000101101111100100000000001010001100000000000000011101011|
110001000010110111110010000000000010000100000000000000001010103|
000101101111100100000000000000000000100000000011000000010000010100000000000000011000000000011000000000000000100000110000000100000000000001013|end

00000||
1100010000101101111100100000000001010001100000000000000011101011|
110001000010110111110010000000000010000100000000000000001010103|
00010110111110010000000000000000000100000000011000000010000010100000000000000000100000000011000000000000000010000011000000010000000100001013|end

00000||
1100010000101101111100100000000001010001100000000000000011101011|
110001000010110111110010000000000010000100000000000000001010103|
000101101111100100000000000000000000100000000011000000010000010100000000000000011000000000011000000000000000100000110000000100000000000001013|end

00000||
1100010000101101111100100000000001010001100000000000000011101011|
110001000010110111110010000000000010000100000000000000001010103|
000101101111100100000000000000000000100000000011000000010000010100000000000000011000000000011000000000000000100000110000000100000000010001013|end

00000||
1100010000101101111100100000000001010001100000000000000011101011|
110001000010110111110010000000000010000100000000000000001010103|
00010110111110010000000000000000000100000000011000000010000010100000000000000000100000000011000000000000000010000011000000010000000100001013|end


00000||ON
1100010000101101111100100000000001010001100000000000000011101011|
110001000010110111110010000000000010000100000000000000001010103|
000101101111100100000000000000000000100000000011000000010000010100000000000000011000000000011000000000000000100000110000000100000000000001013|end

00000||OFF
1100010000101101111100100000000001010001100000000000000011101011|
110001000010110111110010000000000010000100000000000000001010103|
00010110111110010000000000000000000100000000011000000010000010100000000000000011000000000011000000000000000100000110000000100000000100001013|end

00000||ON
1100010000101101111100100000000001010001100000000000000011101011|
110001000010110111110010000000000010000100000000000000001010103|
000101101111100100000000000000000000100000000011000000010000010100000000000000011000000000011000000000000000100000110000000100000000010001013|end

00000||OFF
1100010000101101111100100000000001010001100000000000000011101011|
110001000010110111110010000000000010000100000000000000001010103|
00010110111110010000000000000000000100000000011000000010000010100000000000000011000000000011000000000000000100000110000000100000000100001013|end

00000||ON
1100010000101101111100100000000001010001100000000000000011101011|
110001000010110111110010000000000010000100000000000000001010103|
000101101111100100000000000000000000100000000011000000010000010100000000000000011000000000011000000000000000100000110000000100000000010001013|end

00000||OFF
1100010000101101111100100000000001010001100000000000000011101011|
110001000010110111110010000000000010000100000000000000001010103|
00010110111110010000000000000000000100000000011000000010000010100000000000000000100000000011000000000000000010000011000000010000000100001013|end

00000||ON
1100010000101101111100100000000001010001100000000000000011101011|
110001000010110111110010000000000010000100000000000000001010103|
000101101111100100000000000000000000100000000011000000010000010100000000000000011000000000011000000000000000100000110000000100000000000001013|end

00000||OFF
1100010000101101111100100000000001010001100000000000000011101011|
110001000010110111110010000000000010000100000000000000001010103|
00010110111110010000000000000000000100000000011000000010000010100000000000000000100000000011000000000000000010000011000000010000000100001013|end