vol down
|0101|0101|0101|1010| |1111|0001|0100|1000| |1010|0010|0001|11end|

|0101|0101|0101|1010| |1111|0001|0100|1000| |1010|0010|0001|11end|

|0101|0101|0101|1010| |1111|0001|0100|1000| |1010|0010|0001|11end|

|0101|0101|0101|1010| |1111|0001|0100|1000| |1010|0010|0001|11end|

true
|0101|0101|0101|1010| |1111|0001|0100|1000| |1010|1000|1000|0111|
|0101|0101|0101|1010| |1111|0001|0100|1000| |1010|1000|1000|0111|

010101010101101011110001010010001010100010000111
010101010101101011110001010010001010100010000111


vol up
|0101|0101|0101|1010| |1111|0001|0100|1000| |0100|0100|0111|1end|

|0101|0101|0101|1010| |1111|0001|0100|1000| |0100|0100|0111|1end|

power
|0101|0101|0101|1010| |1111|0001|0100|1000| |0100|0100|0101|1end|

|0101|0101|0101|1010| |1111|0001|0100|1000| |0100|0100|0101|1end|

true
|0101|0101|0101|1010| |1111|0001|0100|1000| |0110|1000|1000|1011|
